109513 1.2e-05 0.0 6e-06 2.3e-05 0.999958 1.0
109484 0.088932 0.003915 0.592269 0.314084 0.000801 1.0
109495 0.000293 2e-06 0.000411 0.00077 0.998524 1.0
109494 0.011889 0.863387 0.000385 0.124338 1e-06 1.0
109492 5.4e-05 2e-06 2.2e-05 8.7e-05 0.999835 1.0
109502 0.000403 9e-06 0.000109 0.000288 0.999191 1.0
109473 0.3946 0.018387 0.229936 0.343983 0.013094 1.0
109501 0.002378 5.7e-05 0.001281 0.002893 0.993391 1.0
109515 0.241474 0.719515 0.004374 0.034425 0.000213 1.0
109498 0.000474 1.1e-05 7e-06 4.6e-05 0.999463 1.0
109506 0.003083 0.000228 7.4e-05 0.000387 0.996229 1.0
109503 0.063275 0.001333 0.796271 0.138918 0.000202 1.0
109509 0.056326 0.000694 0.645019 0.297625 0.000337 1.0
109510 0.008325 0.079014 0.001413 0.911076 0.000172 1.0
109512 0.001641 9e-06 0.003602 0.002733 0.992015 1.0
109511 0.000494 1.5e-05 8.4e-05 0.000416 0.998991 1.0
109508 0.022209 0.431441 0.000354 0.545925 7e-05 1.0
109505 0.553971 0.097956 0.041033 0.299581 0.007459 1.0
109453 0.092168 0.477178 0.001327 0.304195 0.125131 1.0
109514 0.579692 0.082545 0.102376 0.216252 0.019135 1.0
109519 0.004405 0.000374 8.1e-05 0.00032 0.99482 1.0
109520 0.013158 0.005462 0.058756 0.922599 2.5e-05 1.0
109521 0.080454 6.3e-05 0.317991 0.007126 0.594365 1.0
109522 0.368232 0.166075 0.083661 0.381766 0.000266 1.0
109523 6.9e-05 2e-06 9e-06 4.3e-05 0.999876 1.0
109524 0.739046 0.068732 0.055614 0.135232 0.001375 1.0
109525 0.024672 0.033351 0.003744 0.937513 0.00072 1.0
109526 0.002584 0.0 0.996413 0.000853 0.000151 1.0
109527 0.005979 0.004059 0.018099 0.968215 0.003649 1.0
109528 0.302547 0.559599 0.003389 0.132539 0.001927 1.0
109529 0.026798 5.2e-05 0.94848 0.02456 0.00011 1.0
109530 0.553029 0.045877 0.094129 0.291508 0.015457 1.0
109534 0.513009 0.223018 0.028626 0.233575 0.001772 1.0
109532 0.085628 0.666155 0.000791 0.247182 0.000243 1.0
109533 0.071984 0.921924 4.8e-05 0.00589 0.000154 1.0
109531 0.441409 0.011558 0.338404 0.2081 0.000529 1.0
109536 0.380405 0.000927 0.60786 0.009593 0.001215 1.0
109535 0.009542 3.9e-05 0.061492 0.027626 0.901301 1.0
109417 0.605156 0.077316 0.029215 0.270011 0.018302 1.0
109542 0.555765 0.08131 0.11275 0.238777 0.011398 1.0
109538 0.59572 0.125552 0.0831 0.194655 0.000973 1.0
109543 0.034074 0.01002 0.168378 0.787412 0.000117 1.0
109540 0.828255 0.03043 0.084468 0.055662 0.001184 1.0
109544 0.268435 0.007276 0.515319 0.20859 0.00038 1.0
109545 0.245417 0.053412 0.128001 0.565098 0.008072 1.0
109546 0.69608 0.030029 0.190603 0.083186 0.000101 1.0
109547 0.060254 6e-05 0.927376 0.012268 4.3e-05 1.0
109548 0.145437 0.039006 0.053906 0.760899 0.000752 1.0
109550 0.86515 0.025001 0.068897 0.040541 0.000411 1.0
109552 0.067164 0.864953 0.000322 0.067414 0.000146 1.0